000 1863 1290 1376
001 1887 1225 1373
002 1885 1225 1372
005 1892 1205 1374
006 1882 1235 1379
007 1878 1232 1374
008 1885 1232 1380
009 1901 1141 1373
010 1891 1180 1374
011 1880 1237 1374
012 1889 1214 1376
014 1878 1256 1380
018 1884 1237 1379
022 1884 1239 1380
023 1908 1131 1382
024 1885 1231 1381
025 1876 1241 1381
027 1893 1181 1380
028 1894 1194 1378
029 1890 1231 1380
032 1874 1255 1384
035 1885 1220 1381
039 1885 1226 1384
041 1881 1239 1384
043 1896 1194 1384
044 1894 1206 1384
045 1875 1255 1383
047 1876 1176 1382
048 1888 1229 1382
051 1895 1190 1382
056 1894 1200 1384
